321 135
322 135
323 135
324 135
325 135
326 135
327 135
328 135
329 135
330 135
331 135
332 135
333 135
334 135
335 135
336 135
337 135
338 135
339 135
340 135
360 139
363 140
369 142
381 152
460 223
464 227
466 229
472 237
490 329
492 341
494 384
494 385
494 386
494 387
494 388
494 389
494 390
494 391
494 392
494 393
494 394
494 395
494 396
494 397
494 398
494 399
494 400
494 401
494 402
494 403
494 404
494 405
494 406
494 407
494 408
494 409
494 410
494 411
494 412
494 413
494 414
494 415
494 416
494 417
494 418
494 419
494 420
494 421
494 422
494 423
494 424
494 425
494 426
494 427
494 428
494 429
494 430
494 431
494 432
494 433
494 434
494 435
494 436
494 437
494 438
494 439
494 440
494 441
494 442
494 443
494 444
494 445
494 446
494 447
494 448
494 449
494 450
494 451
494 452
494 453
494 454
494 455
494 456
494 457
494 458
494 459
494 460
494 461
494 462
494 463
494 464
494 465
494 466
494 467
494 468
494 469
494 470
494 471
494 472
494 473
494 474
494 475
494 476
494 477
494 478
494 479
494 480
494 481
494 482
494 483
494 484
494 485
494 486
494 487
494 488
494 489
492 537
456 707
432 767
364 819
356 819
211 730
207 726
198 715
135 600
131 590
128 580
127 576
125 566
124 560
122 529
122 474
124 451
125 445
126 441
149 350
150 347
151 344
163 314
165 310
195 254
203 240
210 231
271 168
273 166
274 165
275 164
276 163
277 162
278 161
279 160
280 159
281 158
282 157
283 156
284 155
285 154
286 153
287 152
288 151
289 150
295 146
297 145
303 142
313 138
